babelstream-Copy-float64:
             N        Torch   cuTile-128   cuTile-256   cuTile-512  cuTile-1024  cuTile-2048  cuTile-4096  cuTile-8192
0        128.0     0.500000     0.500000     0.500000     0.500000     0.500000     0.500000     0.500000     0.500000
1        256.0     1.000000     1.000000     1.000000     1.000000     1.000000     1.000000     1.000000     1.000000
2        512.0     2.000000     2.000000     2.000000     2.000000     2.000000     2.000000     2.000000     2.000000
3       1024.0     4.000000     4.000000     4.000000     4.000000     4.000000     4.000000     4.000000     4.000000
4       2048.0     8.000000     8.000000     8.000000     8.000000     8.000000     5.333333     8.000000     8.000000
5       4096.0    16.000000    16.000000    16.000000    16.000000    16.000000    15.753846    10.666666    10.666666
6       8192.0    32.000000    32.000000    32.000000    32.000000    32.000000    21.333333    21.333333    21.333333
7      16384.0    64.000000    64.000000    64.000000    64.000000    64.000000    42.666665    42.666665    42.666665
8      32768.0    86.687831   128.000000   128.000000   128.000000    85.780105    85.333330    85.333330    85.333330
9      65536.0   170.666661   256.000001   170.666661   170.666661   256.000001   170.666661   170.666661   170.666661
10    131072.0   341.333321   341.333321   341.333321   341.333321   341.333321   341.333321   341.333321   341.333321
11    262144.0   682.666643   682.666643   682.666643   682.666643   682.666643   682.666643   682.666643   512.000001
12    524288.0  1024.000003  1024.000003  1024.000003  1024.000003  1024.000003  1024.000003  1024.000003   826.952686
13   1048576.0  1166.380415  1170.285698  1170.285698  1372.481681  1365.333285  1365.333285  1365.333285  1170.285698
14   2097152.0  1260.307707  1365.333285  1260.307707  1260.307707  1367.113394  1260.307707  1365.333285  1260.307707
15   4194304.0  1310.720033  1312.360496  1310.720033  1311.539752  1424.695621  1310.720033  1311.539752  1261.065564
16   8388608.0  1424.211849  1422.280045  1424.695621  1424.211849  1396.239654  1365.333285  1394.846654  1364.001346
17  16777216.0  1440.351621  1440.351621  1440.351621  1440.351621  1424.695621  1421.436612  1424.695621  1424.211849
18  33554432.0  1456.355533  1452.321277  1458.000889  1450.187243  1447.934411  1441.960994  1448.309426  1436.528443

babelstream-Mul-float64:
             N        Torch   cuTile-128   cuTile-256   cuTile-512  cuTile-1024  cuTile-2048  cuTile-4096  cuTile-8192
0        128.0     0.333333     0.500000     0.500000     0.500000     0.500000     0.342246     0.333333     0.333333
1        256.0     0.666667     1.000000     1.000000     1.000000     1.000000     0.969697     0.666667     0.666667
2        512.0     1.333333     2.000000     2.000000     2.000000     2.000000     2.000000     1.333333     1.333333
3       1024.0     2.666667     4.000000     4.000000     4.000000     4.000000     2.666667     2.666667     2.666667
4       2048.0     5.333333     8.000000     8.000000     8.000000     8.000000     8.000000     5.333333     4.015686
5       4096.0    10.666666    16.000000    16.000000    16.000000    16.000000    10.666666    10.666666     8.000000
6       8192.0    21.333333    32.000000    32.000000    32.000000    32.000000    21.333333    21.333333    16.000000
7      16384.0    42.010256    64.000000    64.000000    64.000000    43.574467    64.000000    42.666665    32.000000
8      32768.0    67.702481    86.687831   128.000000   128.000000   128.000000    85.333330    85.333330    64.000000
9      65536.0   128.000000   170.666661   170.666661   170.666661   170.666661   170.666661   170.666661   128.000000
10    131072.0   252.061538   341.333321   341.333321   341.333321   341.333321   341.333321   341.333321   256.000001
11    262144.0   408.323988   682.666643   682.666643   682.666643   682.666643   682.666643   682.666643   512.000001
12    524288.0   673.892042  1024.000003  1024.000003  1024.000003  1024.000003  1024.000003  1024.000003   819.200021
13   1048576.0   910.222190  1365.333285  1365.333285  1638.400041  1638.400041  1620.673932  1365.333285  1170.285698
14   2097152.0  1014.096754  1361.787041  1365.333285  1365.333285  1489.454534  1489.454534  1489.454534  1260.307707
15   4194304.0  1031.048238  1365.333285  1365.333285  1365.333285  1489.454534  1489.454534  1365.333285  1365.333285
16   8388608.0   992.734720  1424.211849  1424.695621  1424.695621  1424.211849  1456.355533  1394.382938  1365.333285
17  16777216.0   727.546241  1440.351621  1440.351621  1440.351621  1432.480902  1439.363040  1423.728406  1409.376308
18  33554432.0   729.888441  1456.355533  1456.355533  1450.312635  1444.319562  1444.319562  1446.810647  1432.480902

babelstream-Add-float64:
             N        Torch   cuTile-128   cuTile-256   cuTile-512  cuTile-1024  cuTile-2048  cuTile-4096  cuTile-8192
0        128.0     0.500000     0.813559     0.813559     0.750000     0.813559     0.680851     0.527473     0.527473
1        256.0     1.000000     1.627119     1.627119     1.500000     1.627119     1.352113     1.000000     1.054945
2        512.0     1.560976     3.254237     3.254237     3.254237     3.254237     2.704225     2.000000     2.109890
3       1024.0     4.000000     6.508474     6.000000     5.446809     6.508474     5.408451     4.219780     4.219780
4       2048.0     8.000000    13.016949    13.016949    12.000000    10.893617     8.000000     8.000000     8.439560
5       4096.0    15.999999    21.787235    21.787235    26.033898    26.033898    15.999999    15.999999    12.487804
6       8192.0    31.346940    43.574469    45.850746    46.722434    52.067795    31.999999    33.758241    19.200000
7      16384.0    50.776861    86.535209   104.135590    86.535209    86.535209    63.999998    67.516482    38.400001
8      32768.0    96.000000   208.271180   206.521014   138.067414   135.032965   135.032965   135.032965    76.800002
9      65536.0   192.000000   270.065929   255.999991   270.065929   255.999991   255.999991   199.804870   153.600004
10    131072.0   369.563926   479.531698   540.131858   511.999982   511.999982   470.354055   384.000001   295.207204
11    262144.0   510.670140   799.219478   802.481623   768.000002   802.481623   799.219478   799.219478   525.689846
12    524288.0   858.550228  1268.438697  1268.438697  1180.828816  1221.167675  1180.828816  1180.828816   877.714274
13   1048576.0  1010.838063  1389.455824  1389.455824  1389.455824  1389.455824  1401.839516  1389.455824  1133.187340
14   2097152.0  1032.740674  1215.505449  1242.388648  1278.751165  1243.370781  1305.281351  1377.289009  1228.800031
15   4194304.0  1141.825036  1396.239726  1404.342820  1396.239726  1436.405537  1413.175232  1413.175232  1375.482320
16   8388608.0  1115.110930  1448.976508  1459.734496  1470.653584  1470.653584  1465.173697  1460.073341  1429.226718
17  16777216.0   890.510402  1479.994352  1479.994352  1486.287785  1485.585873  1491.219640  1479.994352  1468.936801
18  33554432.0   894.673513  1493.963944  1496.362468  1497.965768  1496.851937  1496.140013  1496.006738  1486.638908

babelstream-Triad-float64:
             N       Torch   cuTile-128   cuTile-256   cuTile-512  cuTile-1024  cuTile-2048  cuTile-4096  cuTile-8192
0        128.0    0.355556     0.750000     0.813559     0.813559     0.813559     0.813559     0.527473     0.468293
1        256.0    0.711111     1.500000     1.641026     1.500000     1.627119     1.627119     1.054945     0.936585
2        512.0    1.203762     3.254237     3.000000     3.254237     2.723404     2.000000     2.000000     2.109890
3       1024.0    2.477419     5.953489     6.508474     6.508474     5.446809     4.000000     4.000000     4.219780
4       2048.0    4.815047    12.000000    13.016949    13.128205    10.816901     8.000000     8.439560     6.347108
5       4096.0    9.225225    24.000000    26.033898    26.033898    21.633802    15.999999    16.879121    12.487804
6       8192.0   19.819355    52.067795    52.067795    43.574469    43.267604    33.944752    33.758241    19.200000
7      16384.0   36.790418    86.535209   104.135590    86.535209    69.423731    63.015384    59.941462    39.638709
8      32768.0   73.580836   208.271180   138.067414   138.067414   135.032965   135.032965   135.032965    79.277419
9      65536.0  123.497486   255.999991   270.065929   271.558017   270.065929   253.360834   235.177028   158.554837
10    131072.0  254.673575   540.131858   540.131858   540.131858   540.131858   537.180338   399.609739   265.686491
11    262144.0  392.431159   799.219478   799.219478   730.884728   730.884728   799.219478   799.219478   525.689846
12    524288.0  676.791738  1268.438697  1221.167675  1180.828816  1268.438697  1268.438697  1051.379691   897.753449
13   1048576.0  827.823144  1365.333285  1389.455824  1399.345266  1389.455824  1389.455824  1228.800031  1228.800031
14   2097152.0  882.639756  1278.751165  1305.281351  1377.289009  1348.939930  1382.129991  1463.129253  1278.751165
15   4194304.0  930.138405  1405.911930  1424.695621  1434.440535  1437.061735  1436.405537  1436.405537  1357.672884
16   8388608.0  868.745627  1450.312597  1450.312597  1451.316203  1462.449039  1450.312597  1441.011392  1408.429886
17  16777216.0  635.950260  1478.255705  1480.690989  1480.516728  1480.516728  1479.994352  1480.516728  1468.936801
18  33554432.0  636.948208  1495.117902  1497.876587  1498.857827  1499.572340  1500.824503  1499.661723  1487.517688

babelstream-Dot-float64:
             N        Torch  cuTile-128  cuTile-256  cuTile-512  cuTile-1024  cuTile-2048  cuTile-4096  cuTile-8192
0        128.0     0.250000    0.500000    0.496124    0.500000     0.333333     0.333333     0.250000     0.166667
1        256.0     0.500000    1.000000    0.731429    0.670157     0.984615     0.666667     0.500000     0.332468
2        512.0     1.333333    1.984496    1.430168    2.000000     1.438202     1.333333     1.000000     0.664935
3       1024.0     2.007843    2.680628    4.000000    2.680628     2.666667     2.666667     2.000000     1.329870
4       2048.0     4.000000    8.000000    5.361257    5.333333     5.333333     5.333333     4.000000     2.659740
5       4096.0     8.000000   16.000000   10.722513   16.000000    10.666666    10.666666     8.000000     5.319481
6       8192.0    15.875970   21.445026   21.333333   21.333333    21.333333    21.333333    16.000000    10.638961
7      16384.0    25.600001   64.000000   42.666665   42.666665    42.666665    42.666665    32.000000    21.277923
8      32768.0    51.200001   85.333330   85.333330   85.333330    85.333330    67.702481    64.000000    42.666665
9      65536.0   102.400003  128.000000  128.501965  170.666661   170.666661   128.501965   128.000000    85.333330
10    131072.0   204.800005  170.666661  204.800005  256.000001   256.000001   256.000001   256.000001   170.666661
11    262144.0   341.333321  205.120508  292.571425  409.600010   409.600010   512.000001   512.000001   292.571425
12    524288.0   583.839626  240.941172  372.363633  512.000001   585.142849   585.142849   682.666643   585.142849
13   1048576.0   819.200021  264.258068  431.157914  585.142849   819.200021   910.222190   820.482034   819.200021
14   2097152.0  1024.000003  273.066674  455.111095  655.360017  1024.000003  1113.137989  1092.266694   963.764689
15   4194304.0  1259.550759  282.482752  504.123076  780.190482  1092.266694  1310.720033  1260.307707  1213.629628
16   8388608.0  1361.345042  288.704850  520.126988  819.200021  1170.285698  1394.382938  1393.919531  1337.043075
17  16777216.0  1436.897515  289.982296  530.655894  862.315828  1191.563627  1489.454534  1456.355533  1440.351621
18  33554432.0  1504.345713  294.378430  548.418408  914.987788  1323.959634  1533.005786  1440.475318  1498.099434

