batch_matmul-float16:
        N       Torch  cuTile-64x64x32  cuTile-128x128x32  cuTile-128x256x32  cuTile-128x256x64
0   128.0   10.381941        10.922666           6.553600           2.184533           2.366989
1   256.0   54.648910        43.690665          37.117734          10.459611          10.466136
2   512.0  171.963776       110.376426         104.857603          38.584943          38.791250
3  1024.0  266.238971       139.737356         180.248755          44.561000          47.118740
4  2048.0  236.878762        97.804057         167.432065          44.986669          51.290847
5  4096.0  255.591020        84.122470         142.694685          46.323407          53.460552
6  8192.0  234.173026        78.666365         144.323772          45.703666          53.077039

