transpose-float32:
        N  cuTile-8x8  cuTile-16x16  cuTile-32x32  cuTile-64x64  cuTile-128x128  cuTile-256x256
0   128.0   32.000000     34.711863     31.751940     21.333333       16.062746        1.284415
1   256.0   85.333330     85.780105    127.007759     91.530729       64.000000        5.355999
2   512.0  358.120225    360.087905    341.333321    360.087905      256.000001       20.984950
3  1024.0  452.753034    700.919794   1078.781883   1020.015537      821.767991       82.279974
4  2048.0  718.694972   1025.000988   1365.333285   1365.333285     1264.868477      292.245255
5  4096.0  818.720261   1336.191178   1422.762505   1424.695621     1431.503092      536.974004
6  8192.0  742.518980   1260.213016   1420.173196   1448.309426     1441.589317      666.940258

