transpose-float16:
        N  cuTile-8x8  cuTile-16x16  cuTile-32x32  cuTile-64x64  cuTile-128x128  cuTile-256x256
0   128.0   16.000000     17.355932     16.000000     10.666666        8.031373        5.333333
1   256.0   42.890053     42.890053     63.015384     42.890053       42.445596       18.875577
2   512.0  169.782384    180.043953    183.061458    171.560210      168.041025       64.250982
3  1024.0  299.251150    532.812985    679.129534    668.734716      512.000001      256.000001
4  2048.0  409.600010    682.666643    840.205157   1026.003932     1159.929184      910.222190
5  4096.0  438.093179   1091.698097   1214.332372   1423.728406     1425.664150     1211.526267
6  8192.0  453.879892    801.663640   1310.720033   1423.970143     1459.649848     1383.345630

